1 2 -1 4
2 4 8 -1
7 8 -1 21
5 -1 11 14
-1 2 4 6
1 -1 9 27
-1 1006 2006 3006
1 3 5 -1
-1 20 120 220
-1 27 81 243
125 250 500 -1
-1 27 81 244
124 250 500 -1
-1 3 6 12
6 -1 22 30
9 12 -1 18
6 -1 22 31
8 12 -1 18
9 -1 36 72
475 950 -1 3800
9 -1 36 108
95 950 -1 3800
12 17 -1 27
22 -1 24 25
13 17 -1 27
22 -1 24 26
26 26 -1 26
90 -1 810 2430
7 14 -1 56
145 -1 580 1160
7 21 -1 56
25 27 29 -1
-1 132 232 332
26 27 29 -1
-1 32 132 232
-1 1 2 3
450 900 1800 -1
-1 185 925 4625
450 900 2700 -1
-1 37 185 925
42 42 -1 43
10 100 1000 -1
127 256 -1 1024
-1 -1 -1 -1
